12.333321
80144.37
-28464.145
103
Star
-6427.867
9667.099
55284852
-0.3135162050784916
0.10686515141797244
----
Planet
18869.99
-24779.246
42962
70.825653974359
48.84631418571479
----
Planet
-3253879.8
1898597.6
81003
-149.327942749514
83.80054337685209
----
Planet
79623.91
-31315.182
205303
-10.139520515398349
64.92862434805032
----
Planet
-111925.32
-1231094.5
42
1.1414956187003589
-52.53550197618142
----
Planet
369921.72
-1220905.9
56
22.559740467774382
-51.75896259542856
----
Planet
428174.75
-144703.7
48
9.267994778537206
14.296602761427813
----
Planet
-82541.484
-250235.38
50
19.13012917157263
-5.294790387062485
----
Planet
-618313.94
554668.06
78
-58.30275245247695
37.646341446032594
----
Planet
72319.18
-24410.37
166
-8.3061628741562
50.88589553009493
----
Planet
45445.176
-250798.92
44
18.30825225756105
2.2159068811949743
----
Planet
92463.28
-323143.56
75
23.16355386014316
-14.845040844235948
----
Planet
188718.2
-23760.723
66
18.625227045002614
41.67333683644596
----
Planet
80158.2
-28401.715
182
13.837802512323853
62.430169206911515
----
