100.8897
12730.38
60451.168
900.0
Star
12737.06
60452.965
4532872
6.6797297992038915
1.7961629848700764
----
Planet
-48881.16
37443.055
47365
10.026562672123523
-10.563435008315269
----
Planet
11712.74
73290.98
49733
-46.82254756856438
20.836341213894645
----
Planet
90092.61
82471.81
4345
-1.7155366958208247
20.42198948198639
----
Planet
4803.9316
56420.918
19686
29.348134655395228
-56.409427684267705
----
Planet
-21325.004
538133.0
266
-10.631102542753192
66.57806880839182
----
Planet
-115917.734
358633.1
32061
-24.418881083367413
41.846126959037385
----
Planet
-26748.822
185334.95
248815
-15.211530762473926
11.317468741293013
----
Planet
126776.03
193396.8
37114
10.770585529689955
22.750805993608214
----
Planet
340393.34
292403.03
38969
53.82951940607629
49.8738630578026
----
Planet
38184.684
90555.91
578394
-16.102931392071188
28.56713499447979
----
Planet
173291.55
225001.69
225653
25.025779877471592
43.160994565206835
----
Planet
-27445.457
-5240.7354
52219
14.55878864244392
-15.377497520207989
----
Planet
15497.482
111559.65
469105
-33.032354212648826
16.710367654184033
----
Planet
-12492.009
61489.273
5544
7.563109636627399
-37.48774326922662
----
Planet
-12091.495
50334.363
723
36.01886875461118
-25.066106381877663
----
Planet
-7682.735
33314.594
2199
44.18185697092628
-20.0404298691703
----
Planet
36153.51
24622.668
448
46.13764391081087
5.027361865376191
----
